32
41
45
54
60
61
68
70
77
86
88
112
114
121
127
131
141
153
181
181
182
194
215
232
233
263
301
304
311
339
341
355
372
374
373
379
395
399
408
404
431
442
455
456
454
456
501
505
506
519
532
533
546
548
551
561
565
571
576
584
584
591
600
628
629
616
631
632
633
638
646
640
656
655
663
651
660
668
668
669
672
682
697
697
697
694
704
714
708
707
703
713
716
726
723
722
727
734
744
746
751
755
736
751
753
746
758
757
759
764
760
769
772
767
767
772
762
780
783
777
781
784
782
802
792
801
796
796
809
809
798
811
803
810
809
810
810
821
818
820
820
816
807
820
821
814
805
806
813
821
818
826
811
834
834
820
813
837
831
813
837
845
844
827
840
840
839
836
845
851
810
836
828
842
844
846
856
849
826
838
840
840
845
832
851
865
865
837
836
851
857
846
858
844
849
872
866
854
867
858
849
852
856
860
859
840
871
843
859
870
856
854
854
871
871
874
846
855
855
845
845
862
865
869
866
875
863
881
861
886
872
859
855
867
852
870
866
842
850
861
880
875
850
884
879
878
850
857
855
863
864
859
823
853
878
869
876
866
867
848
880
853
881
876
846
857
846
864
851
864
825
874
850
837
851
885
863
832
875
866
839
856
872
886
862
846
852
879
868
857
885
863
849
846
865
839
853
832
848
837
870
877
865
851
857
868
891
855
852
845
835
851
862
870
854
842
875
862
836
825
856
852
829
868
833
843
880
854
849
826
838
827
869
835
841
838
801
881
851
861
847
855
848
819
832
855
848
873
808
838
859
854
863
836
849
874
852
822
842
822
847
839
864
853
820
852
835
831
860
846
839
815
859
865
844
854
828
839
851
829
806
846
815
837
891
839
852
854
835
838
841
826
803
825
831
827
853
803
855
807
826
837
838
818
830
820
840
832
822
782
848
807
840
843
821
824
817
833
857
773
835
824
852
790
777
830
818
808
819
829
795
801
822
807
800
773
841
840
800
776
804
847
820
778
819
799
806
828
789
817
811
826
814
822
789
816
828
774
778
815
814
806
794
831
820
779
797
815
777
807
805
838
814
809
806
801
821
793
819
796
797
786
825
784
794
785
783
789
784
787
778
810
804
789
795
791
783
801
791
790
794
800
798
801
803
779
787
