3
3
4
4
7
6
7
7
8
8
9
8
10
10
11
12
12
13
14
13
14
15
15
15
16
16
16
18
19
19
20
20
19
20
22
22
23
24
24
24
23
25
23
25
27
28
27
30
31
31
31
31
34
34
35
35
38
38
39
39
39
40
40
41
41
42
42
43
43
43
44
44
47
48
48
49
51
50
51
52
52
57
58
58
61
62
61
65
67
68
72
74
73
74
75
74
76
78
79
82
82
83
83
84
84
84
86
87
91
91
91
92
92
92
91
92
92
93
94
94
95
95
95
96
96
96
97
98
98
98
101
101
102
102
104
105
107
106
107
109
109
108
108
110
113
113
114
114
117
117
116
117
118
121
122
123
123
125
125
127
125
128
130
131
132
132
135
135
135
136
137
141
141
142
142
145
145
145
147
148
154
153
153
152
155
155
157
156
159
165
163
164
165
167
169
168
168
168
172
174
174
173
175
176
176
177
178
183
183
182
184
184
185
187
187
188
193
193
193
194
197
197
200
200
204
210
212
213
211
214
214
217
217
218
223
223
223
224
224
226
228
228
230
233
233
234
233
235
235
239
240
243
246
247
246
246
247
250
251
251
255
258
258
258
258
259
262
264
264
269
275
275
275
276
275
279
280
282
283
286
285
286
286
287
289
292
294
294
296
296
298
298
298
300
302
301
305
307
309
307
308
310
310
312
313
315
316
318
319
319
320
322
325
326
329
330
332
332
333
334
334
337
338
340
341
341
342
343
343
344
346
349
354
355
356
358
358
358
359
363
364
368
368
368
369
369
369
369
372
374
377
379
379
379
380
382
381
386
388
391
391
392
392
392
392
392
399
401
405
405
406
406
407
406
408
415
416
419
419
419
419
420
420
421
429
431
432
435
434
433
433
433
434
442
444
448
447
448
447
446
446
447
454
454
456
456
456
457
457
457
460
469
468
472
472
472
470
472
471
474
478
479
481
481
482
481
482
482
484
492
492
496
497
498
498
497
497
501
510
511
511
513
514
514
516
516
518
526
527
528
529
531
530
531
532
532
541
542
543
544
545
545
546
548
547
556
557
557
559
558
560
560
562
562
570
571
572
573
573
573
574
576
576
586
587
587
588
588
588
587
588
588
595
596
595
596
597
597
597
597
