3
3
3
3
3
3
3
3
4
7
7
7
7
7
8
8
9
9
12
12
12
12
13
13
13
14
14
18
18
18
18
18
19
19
19
20
22
22
23
23
23
24
24
25
26
28
28
28
28
28
29
30
30
30
33
33
33
34
34
35
35
36
36
37
37
38
38
38
40
41
42
42
43
43
43
44
44
45
46
46
47
48
48
48
48
50
51
51
52
53
53
53
53
53
54
56
57
58
58
58
59
59
59
59
61
62
62
63
63
63
64
64
64
67
67
67
68
69
69
69
69
70
72
72
73
74
74
75
75
75
76
77
77
78
79
79
79
79
80
81
82
83
84
84
84
84
84
85
86
87
88
89
90
90
90
90
91
91
92
93
93
93
94
94
96
96
96
99
99
100
101
102
102
103
103
104
107
107
107
108
109
110
110
110
111
112
112
112
113
113
114
114
115
115
118
118
119
119
120
121
121
122
122
126
127
127
127
128
128
129
130
130
134
134
134
135
135
135
136
137
137
139
140
140
140
140
140
141
141
141
145
145
146
146
147
148
148
149
150
154
154
155
155
155
156
156
158
158
162
162
163
163
164
164
165
166
166
169
170
171
171
172
172
172
173
173
176
178
178
178
179
179
179
180
181
183
185
185
185
186
187
187
187
188
190
192
192
193
193
194
194
195
196
198
200
201
201
201
202
202
203
204
206
209
209
209
210
210
210
211
211
213
216
216
216
217
218
218
218
219
221
224
224
225
225
226
226
227
228
229
231
232
233
233
233
233
234
235
237
239
239
241
241
241
242
242
243
245
248
248
248
249
249
249
249
250
252
255
255
255
256
257
257
257
257
260
262
262
263
264
264
265
265
265
268
270
271
271
272
272
273
274
274
276
278
279
279
279
279
280
281
281
283
286
286
286
287
287
287
288
289
290
293
293
294
294
295
295
295
296
298
300
301
301
302
302
303
303
305
307
309
309
309
310
311
311
311
312
315
318
318
319
319
319
320
320
321
324
326
326
327
328
328
328
329
331
333
335
335
336
336
336
337
337
340
343
344
345
346
347
347
348
348
350
353
353
354
355
355
356
356
356
359
362
362
363
363
364
364
365
366
369
370
370
371
372
373
373
374
375
378
379
380
381
381
382
382
383
383
385
