260
270
272
279
280
280
281
283
284
285
290
289
291
293
294
294
295
296
297
296
297
298
298
298
299
300
300
302
303
302
304
304
303
304
305
308
308
308
309
310
309
311
311
312
312
312
312
313
313
313
314
314
314
316
313
316
317
315
317
317
316
317
317
318
318
317
317
319
318
317
320
320
320
320
319
320
321
321
321
320
321
321
322
322
322
322
322
322
322
322
323
323
322
324
324
324
324
324
324
324
325
325
325
324
324
325
326
325
326
325
327
327
326
324
328
328
327
328
328
329
329
328
329
330
330
330
330
330
330
331
331
332
332
331
331
332
332
332
333
333
333
334
332
334
334
333
334
327
335
335
335
334
336
305
334
336
333
337
337
336
337
337
337
336
330
338
337
338
339
338
339
338
339
338
338
339
338
324
338
340
339
340
341
339
341
341
341
341
339
341
340
342
339
343
342
342
343
336
342
343
343
344
342
344
344
344
344
343
343
330
344
339
345
346
331
339
331
339
346
339
339
346
346
346
343
348
341
345
346
349
346
348
349
334
349
334
346
348
346
347
349
348
334
349
349
346
349
346
346
346
346
342
348
335
349
348
350
343
335
335
335
351
350
350
351
336
350
336
348
351
337
337
349
351
349
352
351
349
346
351
354
351
354
353
354
352
353
339
354
350
354
347
353
347
351
339
348
355
352
352
355
352
355
355
348
355
340
356
341
341
325
355
341
355
349
353
341
357
342
357
357
357
342
354
356
354
342
342
342
342
358
342
358
343
343
343
327
351
343
355
359
356
344
351
359
359
351
344
352
351
327
327
327
359
327
357
327
356
344
355
344
356
327
358
344
328
358
344
356
344
344
360
360
344
360
352
345
329
345
357
360
329
329
357
357
345
361
345
329
358
361
329
346
330
346
330
330
358
330
330
346
346
330
362
330
346
354
347
330
331
355
347
359
331
331
331
361
331
347
331
331
355
331
347
362
331
347
331
347
331
331
331
331
332
331
356
348
332
348
332
332
332
332
332
332
348
332
332
348
348
332
332
332
332
332
348
332
332
332
332
349
332
332
332
332
332
332
333
333
333
333
333
333
333
333
357
333
333
333
349
333
333
333
349
333
333
333
333
333
333
333
333
333
333
333
333
333
333
333
333
